# Created by Octave 4.0.2, Wed Jul 19 15:34:02 2017 CEST <varsha@varshakirani>
# name: A
# type: matrix
# rows: 3
# columns: 3
 1 2 3
 4 5 6
 7 8 9


